   G   P   D   E   N   H   Q   K   R   S   T   A   M   V   I   L   F   Y   W   C 
C -3  -4  -3  -3  -2  -3  -3  -3  -3  -1  -1  -1  -2  -1  -3  -2  -2  -3  -5  12 
W -2  -3  -4  -3  -4  -3  -2  -2  -2  -4  -3  -2  -2  -3  -2  -2   1   3  15 
Y -3  -3  -2  -2  -2   2  -1  -1  -1  -2  -1  -2   0  -1   0   0   3   8 
F -3  -3  -4  -3  -2  -2  -4  -3  -2  -2  -1  -2   0   0   0   1   8 
L -3  -3  -3  -2  -3  -2  -2  -3  -2  -3  -1  -1   2   1   2   5 
I -4  -2  -4  -3  -2  -3  -2  -3  -3  -2  -1  -1   2   3   5 
V -3  -3  -3  -3  -3  -3  -3  -2  -2  -1   0   0   1   5 
M -2  -2  -3  -2  -2   0   0  -1  -1  -2  -1  -1   6 
A  0  -1  -2  -1  -1  -2  -1  -1  -2   1   0   5 
T -2  -1  -1  -1   0  -2  -1  -1  -1   2   5 
S  0  -1   0   0   1  -1   0  -1  -1   4 
R -2  -2  -1   0   0   0   1   3   7 
K -2  -1   0   1   0  -1   1   5 
Q -2  -1   0   2   0   1   6 
H -2  -2   0   0   1  10 
N  0  -2   2   0   6 
E -2   0   2   6 
D -1  -1   7 
P -2   9 
G  7 
